PROCESS 709AHE35BA
1 1 DOT53_800_50_1_6_1_6_T 5,27,29,31,33,43,34,108,94,112 NBL_T
1 62 DOT53_800_50_1_6_1_6_T 5,27,29,31,33,43,34,108,94,112 UVIA2_T
1 64 DOT53_800_50_1_6_1_6_T 5,27,29,31,33,43,34,108,94,112 UVIA4_T
2 5 DOT53_800_50_1_6_1_6_M 27,29,33,43,34,108,94,112 MOAT_T
2 31 DOT53_800_50_1_6_1_6_M 27,29,33,43,34,108,94,112 MET3_T
3 2 DOT53_800_50_1_6_1_6_T 5,27,31,33,34,108,94,112 DPWELL_T
3 29 DOT53_800_50_1_6_1_6_M 5,27,31,33,34,108,94,112 MET2_T
3 63 DOT53_800_50_1_6_1_6_T 5,27,31,33,34,108,94,112 UVIA3_T
3 43 DOT53_800_50_1_6_1_6_M 5,27,31,33,34,108,94,112 MET5_T
4 26 DOT53_800_50_1_6_1_6_T 5,27,29,31,33,43,34,108,94,112 CONT_T
4 30 DOT53_800_50_1_6_1_6_T 5,27,29,31,33,43,34,108,94,112 VIA2_T
4 42 DOT53_800_50_1_6_1_6_T 5,27,29,31,33,43,34,108,94,112 VIA4_T
5 91 DOT53_800_50_1_6_1_6_T 5,29,31,43,34,108,94,112 PBL_T
5 27 DOT53_800_50_1_6_1_6_M 5,29,31,43,34,108,94,112 MET1_T
5 33 DOT53_800_50_1_6_1_6_M 5,29,31,43,34,108,94,112 MET4_T
6 3 DOT53_800_50_1_6_1_6_T 5,27,29,31,33,43,34,108,94,112 DNWELL_T
6 28 DOT53_800_50_1_6_1_6_T 5,27,29,31,33,43,34,108,94,112 VIA1_T
6 32 DOT53_800_50_1_6_1_6_T 5,27,29,31,33,43,34,108,94,112 VIA3_T
