PROCESS 709AHE35BA
1 1 FIA_S2_150_50_2_0_6_0_T 5,27,29,31,33,43,34,108,94,112 NBL_T
1 62 FIA_S2_150_50_2_0_6_0_T 5,27,29,31,33,43,34,108,94,112 UVIA2_T
1 64 FIA_S2_150_50_2_0_6_0_T 5,27,29,31,33,43,34,108,94,112 UVIA4_T
2 91 FIA_S2_150_50_2_0_6_0_T 5,29,31,43,34,108,94,112 PBL_T
2 27 FIA_S2_150_50_2_0_6_0_M 5,29,31,43,34,108,94,112 MET1_T
2 33 FIA_S2_150_50_2_0_6_0_M 5,29,31,43,34,108,94,112 MET4_T
3 2 FIA_S2_150_50_2_0_6_0_T 5,27,31,33,34,108,94,112 DPWELL_T
3 29 FIA_S2_150_50_2_0_6_0_M 5,27,31,33,34,108,94,112 MET2_T
3 63 FIA_S2_150_50_2_0_6_0_T 5,27,31,33,34,108,94,112 UVIA3_T
3 43 FIA_S2_150_50_2_0_6_0_M 5,27,31,33,34,108,94,112 MET5_T
4 5 FIA_S2_150_50_2_0_6_0_M 27,29,33,43,34,108,94,112 MOAT_T
4 31 FIA_S2_150_50_2_0_6_0_M 27,29,33,43,34,108,94,112 MET3_T
5 26 FIA_S2_150_50_2_0_6_0_T 5,27,29,31,33,43,34,108,94,112 CONT_T
5 30 FIA_S2_150_50_2_0_6_0_T 5,27,29,31,33,43,34,108,94,112 VIA2_T
5 42 FIA_S2_150_50_2_0_6_0_T 5,27,29,31,33,43,34,108,94,112 VIA4_T
6 3 FIA_S2_150_50_2_0_6_0_T 5,27,29,31,33,43,34,108,94,112 DNWELL_T
6 28 FIA_S2_150_50_2_0_6_0_T 5,27,29,31,33,43,34,108,94,112 VIA1_T
6 32 FIA_S2_150_50_2_0_6_0_T 5,27,29,31,33,43,34,108,94,112 VIA3_T
