PROCESS 709AHE35BA
1 1 LSA_150_50_4_0_4_0_5_6_T 5,27,29,31,33,43,34,108,94,112 NBL_T
1 28 LSA_150_50_4_0_4_0_5_6_T 5,27,29,31,33,43,34,108,94,112 VIA1_T
2 91 LSA_150_50_4_0_4_0_5_6_T 5,29,31,43,34,108,94,112 PBL_T
2 30 LSA_150_50_4_0_4_0_5_6_T 5,27,29,31,33,43,34,108,94,112 VIA2_T
3 2 LSA_150_50_4_0_4_0_5_6_T 5,27,31,33,34,108,94,112 DPWELL_T
3 32 LSA_150_50_4_0_4_0_5_6_T 5,27,29,31,33,43,34,108,94,112 VIA3_T
4 5 LSA_150_50_4_0_4_0_5_6_M 27,29,33,43,34,108,94,112 MOAT_T
4 42 LSA_150_50_4_0_4_0_5_6_T 27,29,31,33,43,34,108,94,112 VIA4_T
5 3 LSA_150_50_4_0_4_0_5_6_T 5,27,29,31,33,43,34,108,94,112 DNWELL_T
